260 550 
0 12 
0 28 
0 29 
0 177 
0 184 
0 252 
1 13 
1 17 
1 67 
1 120 
2 80 
2 100 
2 124 
2 209 
2 258 
4 54 
4 98 
4 217 
5 78 
5 204 
6 65 
6 70 
6 143 
6 259 
7 19 
7 69 
7 97 
7 109 
8 85 
8 235 
9 69 
9 97 
9 228 
10 13 
10 251 
11 110 
11 111 
11 140 
11 176 
11 200 
12 50 
12 76 
12 184 
12 252 
13 62 
13 67 
13 91 
13 99 
13 120 
14 82 
15 33 
15 49 
15 61 
15 63 
15 253 
16 166 
16 205 
17 67 
17 89 
17 102 
17 120 
17 142 
17 194 
18 28 
18 93 
18 234 
18 247 
19 23 
19 69 
19 109 
20 35 
20 88 
20 156 
21 32 
21 42 
21 123 
22 36 
22 51 
22 68 
22 96 
22 105 
22 180 
23 69 
23 112 
23 132 
23 155 
23 228 
24 166 
25 128 
25 130 
25 133 
25 134 
25 199 
26 57 
26 109 
26 146 
26 212 
27 131 
28 29 
28 93 
28 175 
28 177 
28 242 
28 247 
29 159 
29 242 
30 51 
30 53 
30 68 
31 35 
31 61 
31 63 
31 71 
31 74 
32 42 
32 81 
32 100 
32 107 
32 138 
32 170 
32 254 
33 63 
33 95 
33 201 
33 253 
34 139 
34 194 
34 208 
34 221 
34 223 
35 71 
35 74 
35 88 
36 51 
36 53 
36 105 
36 197 
37 47 
37 237 
38 81 
38 107 
38 115 
38 195 
38 214 
38 231 
38 246 
38 250 
39 72 
39 116 
39 154 
39 239 
39 240 
40 185 
40 209 
40 258 
41 87 
41 106 
41 114 
41 117 
41 154 
41 248 
42 100 
43 145 
43 235 
43 236 
45 85 
45 235 
46 56 
46 60 
46 160 
46 163 
46 234 
47 125 
47 216 
48 115 
48 179 
48 225 
48 232 
49 61 
49 96 
49 165 
49 191 
50 76 
50 183 
50 184 
51 53 
52 91 
52 251 
53 197 
54 179 
54 213 
54 217 
54 231 
55 56 
55 118 
55 161 
55 162 
56 160 
57 211 
58 79 
58 92 
58 94 
58 127 
58 198 
59 183 
59 210 
59 230 
60 160 
60 234 
61 71 
61 191 
61 192 
61 193 
62 99 
62 120 
62 121 
62 129 
62 194 
63 74 
63 95 
63 178 
63 256 
64 68 
64 243 
65 70 
65 137 
66 108 
66 153 
66 217 
66 231 
67 142 
68 96 
68 243 
69 97 
69 228 
70 91 
70 127 
70 137 
70 259 
71 86 
71 88 
71 193 
72 116 
72 239 
73 144 
73 160 
73 181 
73 247 
74 122 
74 178 
75 106 
75 114 
75 145 
75 171 
75 226 
76 77 
76 183 
77 244 
77 252 
78 82 
79 127 
79 150 
79 152 
79 198 
79 259 
80 110 
80 124 
81 138 
81 231 
81 254 
83 230 
84 135 
84 174 
84 203 
84 241 
85 235 
85 236 
86 88 
86 132 
86 155 
86 192 
86 193 
86 255 
87 136 
87 154 
88 155 
88 156 
89 102 
90 148 
90 156 
91 92 
91 99 
91 129 
91 134 
91 251 
92 94 
92 127 
92 133 
92 134 
93 135 
93 163 
93 175 
93 234 
93 238 
94 95 
94 103 
94 133 
94 198 
95 103 
95 133 
95 199 
95 201 
95 256 
96 165 
96 191 
98 213 
99 129 
100 110 
100 138 
100 140 
100 170 
100 209 
101 148 
101 212 
102 142 
103 152 
103 198 
103 201 
105 180 
105 220 
105 228 
106 136 
106 226 
107 123 
107 149 
107 189 
107 250 
108 153 
108 168 
108 231 
109 155 
109 212 
110 111 
110 140 
111 176 
112 132 
112 228 
112 255 
113 253 
114 171 
114 215 
114 248 
115 179 
115 214 
115 231 
115 232 
116 157 
116 240 
116 245 
117 154 
117 229 
117 240 
118 158 
118 162 
119 121 
119 128 
119 129 
119 194 
119 223 
120 194 
121 129 
121 194 
122 131 
122 178 
123 149 
123 187 
124 190 
124 258 
125 144 
125 188 
125 216 
126 245 
127 259 
128 129 
128 130 
128 199 
128 219 
128 221 
128 223 
129 130 
129 134 
131 208 
131 219 
131 221 
132 155 
132 255 
133 199 
135 147 
135 175 
135 203 
135 222 
135 238 
135 241 
136 154 
136 164 
136 226 
138 140 
138 168 
138 170 
138 200 
138 231 
139 208 
139 221 
140 200 
141 215 
143 150 
143 227 
143 259 
144 151 
144 160 
144 161 
144 216 
145 172 
145 236 
148 156 
149 187 
149 189 
150 152 
150 201 
150 227 
150 259 
151 160 
151 161 
152 198 
152 201 
153 169 
154 164 
154 229 
154 239 
155 212 
157 240 
158 162 
158 163 
159 182 
159 184 
159 242 
159 249 
161 188 
163 234 
165 243 
165 253 
167 195 
167 224 
167 232 
168 169 
168 176 
168 200 
168 231 
169 176 
174 203 
174 241 
175 177 
175 241 
175 257 
176 200 
177 244 
177 252 
177 257 
178 199 
178 219 
178 256 
179 207 
180 191 
180 192 
180 220 
181 216 
181 237 
181 242 
181 247 
181 249 
182 183 
182 184 
182 210 
182 249 
183 184 
185 190 
185 233 
185 258 
186 212 
189 195 
189 250 
190 233 
190 258 
191 192 
192 193 
192 220 
192 255 
194 223 
195 232 
195 246 
199 219 
199 256 
201 253 
203 222 
204 205 
207 213 
208 221 
209 258 
210 230 
210 237 
214 232 
214 246 
215 235 
215 248 
216 237 
217 231 
219 221 
220 228 
221 223 
224 225 
224 232 
225 232 
227 259 
228 255 
230 237 
232 246 
234 247 
237 249 
241 257 
242 247 
244 252 
244 257 
218 173 
218 202 
202 173 
202 70 
206 6 
206 239 
236 64 
85 30 
104 30 
104 85 
3 149 
9 98 
72 196 
188 196 
65 196 
72 161 
183 44 
148 16
