244 728
238 210
182 55
29 34
177 178
33 29
1 2
53 52
74 80
3 1
29 36
113 117
239 113
142 137
106 167
114 113
140 137
29 30
0 164
18 19
71 63
207 175
187 154
161 0
63 73
145 46
105 110
18 27
146 187
24 18
180 177
177 181
79 74
78 74
20 18
74 77
166 94
74 75
238 209
39 179
106 171
70 146
116 6
109 105
171 114
238 77
238 225
93 230
85 88
234 93
85 92
85 91
62 242
167 114
114 168
98 96
70 159
129 6
226 77
88 86
210 212
128 240
121 6
137 130
41 40
91 86
92 86
86 90
186 94
126 121
236 69
77 210
77 212
128 137
77 213
201 202
77 217
201 203
159 154
121 129
73 64
211 176
0 169
121 130
92 220
77 75
63 53
77 200
99 103
77 201
77 202
77 203
171 168
77 204
77 205
77 209
78 243
145 227
180 72
181 72
99 108
240 130
43 39
113 0
64 76
39 42
114 117
39 45
47 39
117 0
239 114
238 191
170 1
1 172
31 28
28 32
78 238
35 28
139 136
154 152
231 208
208 232
234 46
22 17
46 230
213 190
26 17
17 25
70 236
27 32
30 27
31 27
184 93
27 35
93 188
185 93
72 65
146 69
65 68
152 71
124 120
25 16
136 131
60 54
71 150
53 237
134 131
27 28
238 224
54 61
54 67
155 153
50 49
68 54
156 153
153 157
78 219
78 214
78 215
39 38
170 172
69 152
186 87
154 69
184 234
55 49
87 89
38 42
203 202
202 204
153 160
129 132
10 18
238 75
147 151
64 147
64 149
21 30
10 11
182 242
10 13
84 158
14 10
43 58
152 84
137 127
174 238
84 150
169 108
21 24
182 65
21 23
56 43
181 65
84 155
180 65
120 107
98 100
102 98
108 103
127 130
98 227
29 21
84 71
32 37
77 199
35 32
43 50
149 147
147 148
238 212
43 47
63 237
112 103
128 127
43 45
77 190
40 32
77 193
77 194
240 127
74 209
72 81
72 82
77 189
8 131
50 55
56 50
50 58
67 61
120 119
61 66
171 163
124 119
107 106
134 8
115 5
98 208
70 61
76 147
174 216
105 170
163 168
167 163
76 148
174 211
5 118
149 76
77 180
77 181
226 75
50 62
77 177
77 178
99 112
50 65
88 83
61 146
106 114
132 134
180 176
106 239
176 181
132 139
86 83
83 90
180 62
119 239
91 83
62 182
119 106
185 92
181 62
174 225
117 112
97 94
72 89
72 87
94 95
111 104
36 31
204 205
31 35
134 136
104 110
120 106
126 130
180 178
128 140
178 181
158 156
139 134
128 142
126 132
143 128
156 157
113 161
151 148
56 183
156 160
145 98
196 215
166 107
41 31
31 40
238 175
222 104
75 207
126 129
70 187
180 201
104 109
180 202
51 59
180 203
168 113
150 63
228 104
180 204
164 156
104 105
105 97
113 164
180 200
174 207
78 196
20 24
171 113
62 65
172 107
78 192
23 20
174 56
185 184
21 20
161 169
7 118
149 148
142 140
163 162
238 226
162 161
163 161
169 99
161 164
161 165
66 51
168 161
61 236
181 221
164 99
235 233
7 124
79 196
99 160
34 30
30 36
158 99
156 99
30 31
98 230
98 231
206 104
131 7
44 41
105 241
27 19
19 28
84 162
135 133
84 161
19 22
111 115
24 19
116 111
98 232
158 155
211 181
155 156
184 98
35 37
157 160
83 80
145 102
86 80
50 242
117 135
128 125
157 149
75 198
153 149
92 91
41 35
149 151
35 40
125 240
75 195
237 57
100 96
96 222
30 24
43 179
14 13
19 13
13 17
18 13
174 173
13 22
150 158
238 50
79 91
89 159
96 228
96 229
24 27
102 96
96 223
96 104
146 66
186 166
174 180
233 206
243 196
23 30
69 71
13 12
12 15
239 117
12 17
174 183
180 211
65 242
9 8
183 43
180 205
174 178
174 75
58 65
75 175
23 24
58 68
62 58
29 23
174 191
88 101
38 34
39 34
115 110
195 207
174 198
174 197
69 84
237 73
174 195
180 221
117 108
50 45
45 49
101 105
75 180
115 3
108 112
3 118
47 45
241 97
181 58
96 206
208 96
182 58
34 42
104 101
110 3
102 104
102 228
158 165
102 227
158 164
161 158
102 222
8 7
74 238
170 97
37 22
79 215
79 214
164 165
72 70
143 142
81 89
237 64
58 242
124 138
74 243
136 124
160 103
174 176
102 231
174 175
102 233
131 124
87 81
102 235
89 70
186 97
69 59
93 92
59 63
81 70
92 96
50 180
39 33
50 181
96 232
102 206
50 182
96 233
33 38
115 4
116 4
238 207
33 34
95 107
238 195
95 106
6 9
74 219
49 44
59 71
74 214
74 215
181 182
110 170
33 42
93 96
9 134
175 198
195 175
132 9
96 235
98 93
200 194
164 169
107 119
129 9
102 218
243 214
68 60
60 67
32 22
11 12
13 11
174 50
80 213
50 176
60 70
28 22
80 217
22 26
118 120
22 25
74 226
97 166
74 224
118 124
121 9
79 243
175 180
180 194
123 125
128 123
26 15
5 7
121 115
180 198
8 5
167 171
172 2
96 88
93 88
92 88
91 88
88 90
80 77
58 55
96 188
116 115
241 87
95 114
48 63
66 69
95 113
59 48
62 55
232 223
94 107
152 161
4 5
152 162
6 4
187 69
4 8
48 53
9 4
152 163
51 48
40 37
159 187
32 26
180 181
243 215
1 118
17 15
144 143
15 16
223 229
25 15
22 15
101 186
185 234
3 170
74 192
46 92
80 180
100 218
98 46
5 3
72 67
80 189
70 67
73 149
184 46
240 122
74 195
46 93
74 196
46 96
2 120
14 18
14 19
89 187
95 167
121 116
186 89
20 14
95 168
166 95
68 67
185 46
23 14
95 163
95 162
236 66
141 138
26 25
79 78
80 192
80 190
236 51
100 206
100 208
80 194
80 199
50 47
95 159
238 193
97 89
95 154
89 95
95 152
94 89
78 80
150 237
37 25
101 241
36 44
78 83
194 199
42 36
36 41
115 109
2 107
109 110
111 109
100 235
93 220
13 26
150 155
27 13
150 156
100 231
74 174
100 233
28 13
100 232
238 216
200 202
186 95
200 201
241 186
79 83
85 79
79 86
79 88
180 173
166 172
100 228
170 166
118 2
68 70
100 229
102 100
100 223
100 104
72 68
122 130
100 222
117 169
150 73
73 153
127 122
155 73
122 126
50 216
172 95
156 73
145 184
64 57
95 171
128 122
